id1,pass
taku,taku
id1,pass
id1,pass
